*---------------------------------------------------------------------------*
* Station name: Dashtenaz, Iran
* Year: 2012
* Author: Peter Uithol                                     -99.000: NIL VALUE
* Source: Natuur- en Weerkunde (J.G. Krom)
* Comments: Wind speed data corrected for measurements at 10 m height.
* Comments: Missing values are exchanged with daily weather
*           data from synoptic station de Bilt, Netherlands
*
* Longitude: 51 1 E, latitude: 36 4 N, altitude: 13.5 m.
*
* Column  Daily value
* 1       station number
* 2       year
* 3       day
* 4       irradiation                   (kJ m-2 d-1)
* 5       minimum temperature           (degrees Celsius)
* 6       maximum temperature           (degrees Celsius)
* 7       early morning vapour pressure (kPa)
* 8       mean wind speed (height: 2 m) (m s-1)
* 9       precipitation                 (mm d-1)
*
** WCCDESCRIPTION=Iran, DashtnazAC I1
** WCCFORMAT=2
** WCCYEARNR=2012
*---------------------------------------------------------------------------*
  51.1   36.4    13.5 -0.18 -0.55
2	2012	1	11188	0	12.5	9.1	7	0.0
2	2012	2	5783	0	12.2	10.04	6	0.0
2	2012	3	8667	4.2	11.6	10.28	6	0.0
2	2012	4	11376	-0.2	12.6	7.31	5	0.0
2	2012	5	11123	-0.2	14.8	6.91	5	0.0
2	2012	6	11834	1	17.9	6.72	6	0.0
2	2012	7	11584	2.6	19.6	7.3	8	0.0
2	2012	8	11626	3.2	21	7.18	6	0.0
2	2012	9	10989	5	17	8.5	7	0.0
2	2012	10	6542	6.6	14.7	7.36	12	3.5
2	2012	11	5200	1	9.4	8.11	18	6.0
2	2012	12	12405	0	11.5	10.05	7	0.0
2	2012	13	11078	-2.5	11.4	10.06	6	0.0
2	2012	14	10435	-0.6	16.1	8.68	4	1.0
2	2012	15	3216	0.2	9	7.29	9	1.4
2	2012	16	11737	-2	8.8	6.84	8	0.0
2	2012	17	10992	-3.8	12.8	7.19	5	0.0
2	2012	18	12563	-0.4	18.2	8.17	7	0.0
2	2012	19	11209	0.4	15.6	9.46	6	0.0
2	2012	20	9437	3.2	22.5	8.89	6	0.0
2	2012	21	11230	6.2	16.2	7.62	5	0.0
2	2012	22	13146	2.8	22.2	6.95	8	0.0
2	2012	23	13117	6.4	24.5	6.38	6	0.0
2	2012	24	12777	6.8	21.5	7.34	5	0.0
2	2012	25	11913	5.6	18.5	7.86	5	0.0
2	2012	26	12930	8.4	22.5	7.88	5	0.0
2	2012	27	10791	4.8	19.5	8.63	5	0.0
2	2012	28	3534	7.8	14.5	9.23	9	0.1
2	2012	29	3563	9.8	11.7	7.8	6	8.6
2	2012	30	4988	8	11.5	7	7	0.0
2	2012	31	6862	3.4	13.2	7.32	4	3.7
2	2012	32	4197	7.4	10.8	8.07	6	4.4
2	2012	33	6524	2	14.7	8.06	9	3.2
2	2012	34	4266	3.2	11	6.87	22	1.5
2	2012	35	14133	2	14.1	6.61	10	0.0
2	2012	36	13782	2	17.5	5.66	4	0.0
2	2012	37	9962	4.4	14.4	4.84	8	0.0
2	2012	38	4299	7.4	12.5	5.7	4	0.0
2	2012	39	11348	4	16	7.46	5	0.0
2	2012	40	3919	7.6	11	7.06	6	0.0
2	2012	41	3954	8.8	11.1	6.98	4	0.0
2	2012	42	3990	9	10.7	7.46	5	0.0
2	2012	43	4026	8.2	11.4	6.95	3	0.0
2	2012	44	4063	8.8	10.5	5.58	8	1.2
2	2012	45	4803	7	12	6.41	6	0.1
2	2012	46	14158	1	14.8	7.26	7	0.0
2	2012	47	14374	2.8	16.5	9.37	5	5.5
2	2012	48	5764	9.8	15.7	9.95	6	0.0
2	2012	49	4251	6.8	11.1	10.47	4	0.0
2	2012	50	5135	6.2	11.9	9.97	5	0.0
2	2012	51	6272	5	13.7	7.37	5	0.0
2	2012	52	14628	2.8	14.8	6.38	7	0.0
2	2012	53	5882	7.6	14	5.54	8	0.0
2	2012	54	9637	4.4	15.2	6.53	5	0.0
2	2012	55	6352	7.8	13.9	7.09	6	7.0
2	2012	56	4528	8	10.6	6.8	6	8.2
2	2012	57	7963	7	12.2	7.39	6	0.0
2	2012	58	15733	1.6	13.2	7.52	7	0.0
2	2012	59	15200	2.4	15	9.55	5	0.0
2	2012	60	11977	6	15.5	8.43	5	0.0
2	2012	61	8717	7.8	15.7	8.8	7	0.0
2	2012	62	16015	8.8	21.4	10.33	10	0.0
2	2012	63	5335	7	15.7	8.81	6	0.0
2	2012	64	4857	10.4	14.2	6.24	11	1.5
2	2012	65	4899	5.4	10.4	7.1	12	2.3
2	2012	66	5072	2.2	6.6	6.87	5	0.0
2	2012	67	18910	0.2	9.9	7.61	7	0.0
2	2012	68	10357	-1.4	14.7	7.91	4	0.0
2	2012	69	11765	7.6	18.1	8.37	6	0.0
2	2012	70	11840	8.4	18	7.73	5	0.0
2	2012	71	18274	6.2	24.2	6.7	5	0.0
2	2012	72	8997	12.6	29.4	6.22	4	0.0
2	2012	73	9467	13.6	23.2	9.06	9	0.0
2	2012	74	17763	7.6	20.4	9.57	5	0.0
2	2012	75	16207	7.4	21.2	10.69	5	0.0
2	2012	76	8819	10.8	20.5	10.31	3	0.0
2	2012	77	6371	10.6	17.2	7.73	8	1.2
2	2012	78	5438	7.6	13.8	6.7	7	1.1
2	2012	79	20914	2	17.3	6.13	8	0.0
2	2012	80	7774	6.2	16.1	8.28	3	0.0
2	2012	81	16456	7.2	16.4	8.8	5	0.0
2	2012	82	15119	4.5	23.5	9.06	4	0.0
2	2012	83	13914	9.8	24.3	9.68	4	4.1
2	2012	84	10692	9	17	9.76	4	1.0
2	2012	85	21101	3.8	23.2	10.06	8	0.0
2	2012	86	19899	8	27.7	10.26	4	0.0
2	2012	87	19845	11	23.3	12.19	6	0.0
2	2012	88	9761	10	18	10.07	12	2.0
2	2012	89	5876	10.4	13	10.22	8	0.3
2	2012	90	11182	8	15.2	11.18	6	0.0
2	2012	91	10210	7.2	17.4	10.73	4	0.0
2	2012	92	20278	8	19	10.06	4	0.0
2	2012	93	21543	6.8	18.8	10.63	4	0.0
2	2012	94	19257	8.2	20.9	11.14	5	0.0
2	2012	95	6101	11.6	17.9	11.6	5	0.0
2	2012	96	17619	11.6	22	12.54	4	0.0
2	2012	97	22025	10.2	26.5	13.3	6	0.0
2	2012	98	21054	9.8	28.4	14.52	4	0.0
2	2012	99	22032	11.4	33.2	15.53	4	0.0
2	2012	100	9746	15	25.4	13.16	6	0.0
2	2012	101	14474	12.6	19.1	14.2	5	0.0
2	2012	102	6346	10.6	16.2	14.01	5	0.1
2	2012	103	6380	12.2	16	16.2	14	2.5
2	2012	104	16004	10.2	18.5	14.67	5	0.0
2	2012	105	20483	8.4	20	13.05	6	0.0
2	2012	106	8159	13.2	18.2	14.84	8	0.0
2	2012	107	7888	12	16.5	16.15	8	0.0
2	2012	108	6540	11.8	14.4	16.34	5	1.7
2	2012	109	6571	11.8	16.2	15.45	5	0.0
2	2012	110	6601	11.8	14.4	16.62	6	0.3
2	2012	111	7712	10.6	15.5	17.02	4	5.0
2	2012	112	22131	10	19.7	16.59	5	0.0
2	2012	113	22031	9.7	21	14.92	5	0.0
2	2012	114	6717	11.6	17.2	15.41	5	2.4
2	2012	115	23536	7.8	18.1	16.21	4	0.0
2	2012	116	25768	7	23.7	14.86	5	0.0
2	2012	117	25355	9.6	21.5	14.76	8	0.0
2	2012	118	25251	10	23.2	15.2	4	0.0
2	2012	119	25457	9.4	25.4	14.38	3	0.0
2	2012	120	25663	9.6	26.1	13.72	6	0.0
2	2012	121	24613	10	26.4	14.73	10	0.0
2	2012	122	23246	11.4	24.4	15.29	9	0.0
2	2012	123	21717	11.8	25.6	15.62	6	0.0
2	2012	124	25687	14	26	19.54	5	0.0
2	2012	125	26043	13.6	26.6	20.67	6	0.0
2	2012	126	24193	14	27.6	20.41	6	0.0
2	2012	127	25965	14.8	28.4	20.29	4	0.0
2	2012	128	22056	15.6	24	19.68	6	0.0
2	2012	129	9610	15	21	19.35	7	2.6
2	2012	130	14059	13.4	22.6	19.75	5	0.0
2	2012	131	24525	13.6	23.5	19.18	6	0.0
2	2012	132	13316	16.4	25.6	19.3	5	0.0
2	2012	133	16348	18.8	27.9	20.22	6	0.0
2	2012	134	21919	16.6	33.2	21.32	6	0.1
2	2012	135	23373	19.8	32	19.95	6	0.0
2	2012	136	17210	16.8	29	20.01	9	0.7
2	2012	137	25010	16.4	27.6	20.36	11	0.0
2	2012	138	26623	15	27.4	19.4	7	0.0
2	2012	139	23310	14.8	28	18.71	5	0.0
2	2012	140	8072	17.4	23.5	20.21	5	10.1
2	2012	141	11267	14	21.6	21.63	7	0.0
2	2012	142	18122	16.4	25.1	24.31	6	7.5
2	2012	143	12888	16.8	25	22.92	6	0.0
2	2012	144	27386	13.8	26.8	19.96	6	10.3
2	2012	145	26926	15	28.7	17.09	6	0
2	2012	146	26783	16.2	29.6	16.61	4	10.3
2	2012	147	19313	19.4	31	19.94	6	0
2	2012	148	17574	19.2	28.5	21.41	5	11.3
2	2012	149	7550	20.4	24.6	20.23	5	0
2	2012	150	21263	16.4	26.4	21.05	4	10.3
2	2012	151	25258	15.8	28	22.84	4	0
2	2012	152	22560	17	30	21.78	6	10.3
2	2012	153	19223	19	30.2	23.44	4	10.3
2	2012	154	26882	17.6	29.8	23.28	4	0
2	2012	155	20993	18.6	30	22.51	4	10.3
2	2012	156	12871	21.3	30	19.63	5	0.2
2	2012	157	16066	18.6	29.2	20.5	4	10.3
2	2012	158	10334	21.6	28.4	22.88	8	0
2	2012	159	19745	19.8	28.5	24.19	8	10.3
2	2012	160	25489	18	28	24.15	8	0
2	2012	161	18001	18	29.2	23.99	6	10.4
2	2012	162	11470	18.6	26.9	22.92	4	0
2	2012	163	19921	19.6	29.5	20.8	4	10.3
2	2012	164	26619	18.4	31	24.26	4	0
2	2012	165	27258	20.2	32.5	25.63	7	10.3
2	2012	166	27100	20	32	23.78	5	0
2	2012	167	26941	19.4	32	22.7	5	10.3
2	2012	168	26622	21.4	33.3	20.39	5	0
2	2012	169	22001	23.6	32.2	24.07	5	10.3
2	2012	170	25186	18.8	30.6	25.32	4	0
2	2012	171	23432	18	29.7	21.67	5	10.3
2	2012	172	7501	22.2	25.3	19.22	10	0
2	2012	173	7659	20.2	25.3	21.29	11	10.3
2	2012	174	12595	20	28	23.54	6	0
2	2012	175	14981	21.4	28.6	24.04	5	10.3
2	2012	176	25804	20.8	30.4	23.04	3	0
2	2012	177	25799	19	32	22.67	5	10.3
2	2012	178	16720	20.4	30.4	22.82	6	0
2	2012	179	26582	19	30.5	23.28	7	10.3
2	2012	180	27689	18.4	31.5	24.58	6	0
2	2012	181	26408	19	31.5	25.8	5	10.3
2	2012	182	27036	20.6	35.4	26.66	8	0
2	2012	183	27663	19.4	39	26.02	6	10.3
2	2012	184	20816	24.6	31.7	25.7	4	0
2	2012	185	26371	20	31	26.58	5	10.3
2	2012	186	21591	18.8	30.2	28.13	5	0
2	2012	187	25395	19.5	31.1	28.24	6	10.3
2	2012	188	21411	19.6	32	26.27	6	0
2	2012	189	26164	23.4	32.8	25.38	7	10.3
2	2012	190	25833	23.4	32	25.29	6	0
2	2012	191	26612	20.2	32.6	25.23	5	10.3
2	2012	192	26756	19.4	32.5	26.78	4	0
2	2012	193	25629	20.4	32.8	27.57	5	10.3
2	2012	194	18633	23.6	31.5	28.49	5	0
2	2012	195	24802	21.2	32	27.53	5	10.3
2	2012	196	24943	21.8	32.2	25.78	6	0
2	2012	197	25558	23.2	33	26.03	6	10.3
2	2012	198	24429	21.6	33.6	26.46	4	0
2	2012	199	25834	25.2	33.6	26.82	5	10.3
2	2012	200	20273	23.6	33.7	28.04	5	0
2	2012	201	8546	24.2	28.6	29.01	4	10.3
2	2012	202	18335	21.4	31	28.2	4	0
2	2012	203	7725	23.2	31	27.03	5	10.3
2	2012	204	17344	23.8	31.6	27.37	5	0
2	2012	205	7693	25	31.5	29.68	6	10.3
2	2012	206	7518	24.2	31.5	28.89	6	0
2	2012	207	7185	22.8	27.6	24.71	4	10.3
2	2012	208	10004	22.2	30	25.4	5	0
2	2012	209	7307	23	29.5	25.01	6	10.3
2	2012	210	7288	23	27.2	24.53	5	0
2	2012	211	17804	22	30	24.56	5	10.3
2	2012	212	7092	22.6	27.6	24.87	5	0.2
2	2012	213	11782	22	29	26.46	5	10.5
2	2012	214	9561	22.8	29.4	27.92	5	0
2	2012	215	18471	22	31.2	28.22	4	10.3
2	2012	216	22196	22.1	33	26.61	5	0.9
2	2012	217	7143	21	28.8	27.01	5	10.7
2	2012	218	6964	21.6	25	26.93	5	0
2	2012	219	24423	19.8	31.2	25.63	5	10.3
2	2012	220	24692	19.5	32.1	27.41	4	7.3
2	2012	221	6894	21.2	28.2	26.51	4	10.3
2	2012	222	9047	20.4	27.5	25.14	3	0
2	2012	223	14767	19.8	28.9	27.18	6	10.3
2	2012	224	24970	18.6	31	26.9	4	0
2	2012	225	25694	18	32	28.81	6	10.3
2	2012	226	24557	17.6	33	28.93	4	0
2	2012	227	23886	21.2	33.5	27.99	7	10.3
2	2012	228	24295	19.4	33.6	26.28	5	0
2	2012	229	24085	21	33	27.28	6	10.3
2	2012	230	24182	20.4	33.1	27.64	5	0.5
2	2012	231	19980	19.2	32.9	28.44	5	14.7
2	2012	232	6906	23.8	29.4	29.2	5	0
2	2012	233	6570	22	28.6	28.66	4	13
2	2012	234	8066	22.2	28.9	30.51	4	0
2	2012	235	12602	20.2	30	31	5	10.3
2	2012	236	23503	20.2	31.9	28.97	4	0.0
2	2012	237	23132	19	33.4	25.62	4	0.0
2	2012	238	18221	23	33.2	25.51	5	0.0
2	2012	239	17559	23.8	31.6	26.72	3	0.6
2	2012	240	16144	23.2	32.4	25.67	5	0.0
2	2012	241	21950	21.8	32.7	25.87	4	0.0
2	2012	242	15731	23.6	31.6	26.05	5	0.0
2	2012	243	15374	23.2	31.6	29.85	5	0.0
2	2012	244	15764	23	32.9	29.53	4	0.0
2	2012	245	10646	22	33	29.02	5	0.0
2	2012	246	17720	22.8	32.2	26.85	3	0.0
2	2012	247	14101	22.4	32.8	22.96	5	0.0
2	2012	248	19796	23.2	33.4	22.03	6	0.0
2	2012	249	6040	20.4	27.8	22.44	3	1.7
2	2012	250	13776	20.8	30.9	23.6	4	0.0
2	2012	251	6991	24	31	23.16	4	0.0
2	2012	252	15402	24.2	32.1	22.8	4	0.0
2	2012	253	6765	24.8	30.2	23.69	5	5.0
2	2012	254	8172	20.8	26.7	23.81	4	0.4
2	2012	255	7982	20.6	26.7	23.28	7	3.1
2	2012	256	9230	20.4	29.2	22.18	4	0.0
2	2012	257	15052	21.2	29.6	22.29	8	0.0
2	2012	258	18976	19.6	31.2	23.78	7	0.0
2	2012	259	14906	18.5	30.2	23.11	4	0.0
2	2012	260	14407	21.6	31.5	21.38	5	0.0
2	2012	261	18285	18.4	31	21.65	6	0.0
2	2012	262	18336	16	31.6	22.12	4	0.0
2	2012	263	14185	19	30.2	20.82	3	0.0
2	2012	264	10485	20.8	31.5	22.44	3	0.0
2	2012	265	9730	21.6	30	22.52	4	0.0
2	2012	266	9809	22.8	29.8	23.51	5	0.0
2	2012	267	14155	20.6	31.7	23.55	7	0.0
2	2012	268	12294	20.2	31.3	23.86	8	2.9
2	2012	269	15360	18.4	28.8	21.1	8	4.4
2	2012	270	17854	19	27.5	19.53	7	0.0
2	2012	271	12618	17	27.6	21.81	5	0.0
2	2012	272	13888	21.4	28.7	19.68	4	0.0
2	2012	273	17689	17.4	28.6	19.47	4	0.0
2	2012	274	18521	17	28.8	18.69	3	0.0
2	2012	275	17884	17	29.2	18.29	3	0.0
2	2012	276	17516	15.6	38.8	15.32	3	0.0
2	2012	277	16756	19	33.6	16.75	4	0.0
2	2012	278	9730	21.2	25.4	18.91	8	0.7
2	2012	279	4855	18.8	22.7	21.14	5	1.1
2	2012	280	4814	16.4	19.3	22.72	5	1.8
2	2012	281	4773	15	18.2	22.51	4	5.4
2	2012	282	4733	14.4	16.8	20.46	15	1.8
2	2012	283	15893	14.4	21.7	18.81	10	0.0
2	2012	284	15033	12.2	23.1	23.4	4	0.0
2	2012	285	12670	13	23	23.2	4	0.0
2	2012	286	11083	13	23.4	20.01	8	0.0
2	2012	287	4531	15	20.7	20.03	9	0.1
2	2012	288	6597	16.9	22.7	15.93	7	0.0
2	2012	289	17629	12.6	23.9	16.07	5	0.0
2	2012	290	16781	12.6	30.4	16.94	4	0.0
2	2012	291	16429	14.4	31.4	16.73	4	0.0
2	2012	292	15474	15.8	40.4	16.42	5	0.0
2	2012	293	15131	19.6	32.8	17.39	5	2.7
2	2012	294	4258	13.6	20	16.77	4	2.3
2	2012	295	16715	10.4	20.2	16.02	4	0.0
2	2012	296	16132	10.5	22	16.13	4	0.0
2	2012	297	12261	12.6	20.5	16.98	3	5.5
2	2012	298	14516	11.4	17.2	18.65	6	0.0
2	2012	299	6629	6.6	17.8	17.04	3	1.0
2	2012	300	6462	11.4	18.4	17.2	3	0.0
2	2012	301	9745	13.4	18.2	19.58	8	0.0
2	2012	302	15046	9.4	21.4	18.58	6	0.0
2	2012	303	14833	8.8	20.6	17.24	5	0.0
2	2012	304	15187	7.8	21.9	15.99	2	0.0
2	2012	305	12281	8.6	21.5	15.37	4	0.0
2	2012	306	6728	11.2	20.4	16.13	4	1.5
2	2012	307	4348	13.2	17.7	16.93	6	0.0
2	2012	308	6629	13.2	19.6	16.87	5	0.0
2	2012	309	14372	8.8	21.6	15.5	6	0.0
2	2012	310	14280	6.2	22.2	16.55	4	0.0
2	2012	311	14298	7.2	22	16.22	3	0.0
2	2012	312	10000	7.6	26.5	16.07	6	0.0
2	2012	313	3604	15	18.9	15.99	5	1.4
2	2012	314	8056	14.6	18.6	15.96	4	0.0
2	2012	315	5137	12.4	19.6	15.32	6	0.0
2	2012	316	6684	14.4	21	19.2	3	0.8
2	2012	317	5379	14.4	20.5	16.42	5	2.5
2	2012	318	3462	13.6	17	15.34	6	5.3
2	2012	319	13308	9.2	20.5	14.57	4	0.0
2	2012	320	7856	10.4	19.1	14.18	5	2.0
2	2012	321	9969	12	18.2	11.69	7	0.0
2	2012	322	7147	9.8	19.2	11.3	6	0.0
2	2012	323	3845	9.6	17.3	11.89	13	0.0
2	2012	324	3312	10.4	14	11.86	6	9.2
2	2012	325	3290	10.4	12.7	13.58	5	8.6
2	2012	326	3268	9.8	12.2	13.56	8	1.0
2	2012	327	5547	10.2	15	12.68	8	0.0
2	2012	328	9900	10	16.9	11.66	3	0.0
2	2012	329	12233	5.4	18.2	11.62	3	0.0
2	2012	330	12276	5.8	22	11.22	4	0.0
2	2012	331	12222	8.6	23.8	11.64	5	0.0
2	2012	332	4523	12.4	20.4	13.18	21	0.0
2	2012	333	7724	13.4	18	11.74	12	0.0
2	2012	334	8860	11.4	29.2	9.61	4	1.5
2	2012	335	9019	11.4	16.2	11.33	5	0.0
2	2012	336	10919	4.8	16.8	11.59	4	0.0
2	2012	337	9821	8.4	27	10.65	6	4.3
2	2012	338	3059	5.6	16	9.88	3	2.5
2	2012	339	6977	1.2	9.2	10.38	9	0.1
2	2012	340	5234	3.6	12.74	10.57	6	0.1
2	2012	341	11321	4.8	15.1	13.34	4	0.0
2	2012	342	11482	3.8	20.6	12.21	3	0.0
2	2012	343	3479	6.6	13.5	11.08	7	3.4
2	2012	344	4512	4.8	11.6	13.86	7	9.4
2	2012	345	11029	-0.2	12	12.98	8	0.0
2	2012	346	6381	0.4	12.4	11.67	6	0.2
2	2012	347	2975	7.8	10.5	12.49	5	0.2
2	2012	348	2969	5.2	11.4	11.58	3	3.9
2	2012	349	7952	8	14	11.11	6	0.0
2	2012	350	5781	3	9	8.8	7	0.0
2	2012	351	10191	2.2	9.1	7.33	3	0.0
2	2012	352	10937	3	11.4	7.79	5	0.0
2	2012	353	9994	0.4	12.4	7.88	3	0.0
2	2012	354	3234	3.6	11.4	8.46	3	2.2
2	2012	355	6613	6.4	9.9	9.79	4	0.0
2	2012	356	11028	-0.6	11.8	10.67	4	0.0
2	2012	357	9718	3	13.6	11.95	5	0.0
2	2012	358	10946	0.6	13	10.37	10	0.0
2	2012	359	10485	0.8	13.8	10.07	4	0.0
2	2012	360	10967	1.2	13	9.74	4	0.0
2	2012	361	11358	-0.2	11.8	8.08	6	0.0
2	2012	362	10526	-0.4	12.4	7.15	5	0.0
2	2012	363	10733	-0.6	11.4	6.52	9	0.0
2	2012	364	10564	-1.2	12.3	6.79	4	0.0
2	2012	365	5179	-1	11.6	7.76	4	0.0

