*---------------------------------------------------------------------------*
* Station name: Dashtenaz, Iran
* Year: 2013
* Author: Peter Uithol                                     -99.000: NIL VALUE
* Source: Natuur- en Weerkunde (J.G. Krom)
* Comments: Wind speed data corrected for measurements at 10 m height.
* Comments: Missing values are exchanged with daily weather
*           data from synoptic station de Bilt, Netherlands
*
* Longitude: 51 1 E, latitude: 36 4 N, altitude: 13.5 m.
*
* Column  Daily value
* 1       station number
* 2       year
* 3       day
* 4       irradiation                   (kJ m-2 d-1)
* 5       minimum temperature           (degrees Celsius)
* 6       maximum temperature           (degrees Celsius)
* 7       early morning vapour pressure (kPa)
* 8       mean wind speed (height: 2 m) (m s-1)
* 9       precipitation                 (mm d-1)
*
** WCCDESCRIPTION=Iran, DashtnazAC I1
** WCCFORMAT=2
** WCCYEARNR=2013
*---------------------------------------------------------------------------*
  51.1 36.4 13.5 -0.18 -0.55
2	2013	1	11188	6.6	9.6	9.10	4	1.2
2	2013	2	5783	6.0	11.4	10.04	5	0.0
2	2013	3	8667	6.2	9.2	10.28	10	0.0
2	2013	4	11376	0.0	9.2	7.31	4	0.0
2	2013	5	11123	4.0	10.2	6.91	4	0.0
2	2013	6	11834	6.0	10.6	6.72	6	0.0
2	2013	7	11584	-1.4	11.0	7.30	5	0.0
2	2013	8	11626	3.4	12.1	7.18	9	0.0
2	2013	9	10989	-1.2	13.0	8.50	4	0.0
2	2013	10	6542	1.6	11.5	7.36	4	0.0
2	2013	11	5200	2.4	13.8	8.11	6	0.0
2	2013	12	12405	-0.2	14.1	10.05	3	0.0
2	2013	13	11078	2.6	15.8	10.06	10	0.1
2	2013	14	10435	5.0	13.5	8.68	8	0.0
2	2013	15	3216	2.4	12.8	7.29	9	0.0
2	2013	16	11737	1.0	14.9	6.84	5	0.0
2	2013	17	10992	2.8	12.7	7.19	6	0.0
2	2013	18	12563	4.2	18.3	8.17	4	0.0
2	2013	19	11209	3.6	16.0	9.46	8	0.0
2	2013	20	9437	4.6	12.6	8.89	6	0.0
2	2013	21	11230	5.0	15.3	7.62	5	0.0
2	2013	22	13146	3.2	14.2	6.95	4	0.0
2	2013	23	13117	6.0	14.4	6.38	5	0.0
2	2013	24	12777	1.6	14.2	7.34	4	0.0
2	2013	25	11913	7.6	12.5	7.86	7	0.0
2	2013	26	12930	2.6	14.8	7.88	4	0.0
2	2013	27	10791	3.6	12.5	8.63	6	0.0
2	2013	28	3534	7.2	14.5	9.23	5	0.1
2	2013	29	3563	8.2	13.1	7.80	8	5.0
2	2013	30	4988	0.2	10.8	7.00	7	15.1
2	2013	31	6862	-1.2	1.0	7.32	7	0.6
2	2013	32	4197	-1.8	-0.4	8.07	5	0.0
2	2013	33	6524	-5.2	0.2	8.06	7	0.0
2	2013	34	4266	-4.0	3.1	6.87	7	0.0
2	2013	35	14133	-4.8	6.0	6.61	5	0.0
2	2013	36	13782	-5.0	10.4	5.66	9	0.0
2	2013	37	9962	-2.6	10.6	4.84	6	0.0
2	2013	38	4299	-3.4	9.6	5.70	7	0.0
2	2013	39	11348	-2.2	11.6	7.46	5	0.0
2	2013	40	3919	-3.4	13.0	7.06	6	0.0
2	2013	41	3954	-1.0	11.2	6.98	4	0.0
2	2013	42	3990	4.0	13.4	7.46	5	0.0
2	2013	43	4026	1.0	14.1	6.95	7	0.0
2	2013	44	4063	-0.4	14.8	5.58	7	0.0
2	2013	45	4803	-0.2	15.9	6.41	4	0.0
2	2013	46	14158	5.2	16.0	7.26	5	0.1
2	2013	47	14374	7.2	10.5	9.37	5	0.1
2	2013	48	5764	7.6	13.3	9.95	7	0.0
2	2013	49	4251	2.8	22.0	10.47	15	4.4
2	2013	50	5135	2.0	14.5	9.97	7	0.0
2	2013	51	6272	4.7	24.4	7.37	5	0.0
2	2013	52	14628	7.0	11.2	6.38	8	0.0
2	2013	53	5882	6.6	10.8	5.54	3	0.0
2	2013	54	9637	3.8	13.5	6.53	5	0.0
2	2013	55	6352	1.4	14.8	7.09	6	0.0
2	2013	56	4528	1.4	15.4	6.80	8	0.0
2	2013	57	7963	2.2	15.0	7.39	5	0.0
2	2013	58	15733	8.5	14.9	7.52	6	3.1
2	2013	59	15200	8.4	11.6	9.55	4	0.1
2	2013	60	11977	2.4	14.4	8.43	8	0.0
2	2013	61	8717	3.6	19.4	8.80	4	0.0
2	2013	62	16015	6.4	17.8	10.33	4	0.0
2	2013	63	5335	8.8	22.0	8.81	6	0.1
2	2013	64	4857	9.6	18.5	6.24	8	1.0
2	2013	65	4899	10.2	12.7	7.10	4	6.5
2	2013	66	5072	9.8	11.2	6.87	5	2.0
2	2013	67	18910	8.4	13.5	7.61	6	0.0
2	2013	68	10357	6.6	15.2	7.91	4	0.0
2	2013	69	11765	8.0	15.8	8.37	6	0.0
2	2013	70	11840	8.4	15.0	7.73	5	7.7
2	2013	71	18274	8.0	11.8	6.70	5	6.0
2	2013	72	8997	3.8	13.0	6.22	7	0.0
2	2013	73	9467	4.0	13.6	9.06	5	0.0
2	2013	74	17763	8.2	16.4	9.57	7	0.0
2	2013	75	16207	6.6	25.9	10.69	6	0.0
2	2013	76	8819	11.0	16.5	10.31	5	0.0
2	2013	77	6371	8.0	14.0	7.73	10	0.1
2	2013	78	5438	9.0	16.5	6.70	4	0.0
2	2013	79	20914	5.0	17.2	6.13	11	9.8
2	2013	80	7774	7.0	12.4	8.28	9	10.7
2	2013	81	16456	5.2	12.5	8.80	7	0.0
2	2013	82	15119	1.8	14.0	9.06	6	0.0
2	2013	83	13914	2.0	16.4	9.68	5	0.0
2	2013	84	10692	3.5	17.8	9.76	5	0.0
2	2013	85	21101	4.2	19.2	10.06	5	0.0
2	2013	86	19899	8.8	19.0	10.26	12	0.0
2	2013	87	19845	7.8	28.2	12.19	6	0.0
2	2013	88	9761	9.8	31.4	10.07	15	8.4
2	2013	89	5876	6.2	9.8	10.22	10	20.3
2	2013	90	11182	2.6	11.8	11.18	7	0.0
2	2013	91	10210	2.2	17.2	10.73	6	0.0
2	2013	92	20278	10.0	15.0	10.06	5	0.7
2	2013	93	21543	9.4	14.7	10.63	5	0.0
2	2013	94	19257	8.4	21.6	11.14	5	0.0
2	2013	95	6101	9.2	28.8	11.60	16	2.0
2	2013	96	17619	8.8	14.8	12.54	7	0.0
2	2013	97	22025	6.4	20.2	13.30	4	0.0
2	2013	98	21054	11.6	28.0	14.52	14	0.7
2	2013	99	22032	11.6	19.0	15.53	7	0.0
2	2013	100	9746	12.0	22.1	13.16	6	0.2
2	2013	101	14474	11.8	19.7	14.20	5	0.0
2	2013	102	6346	11.2	15.2	14.01	5	0.0
2	2013	103	6380	9.2	18.4	16.20	5	0.5
2	2013	104	16004	12.4	19.4	14.67	7	0.0
2	2013	105	20483	11.2	23.6	13.05	5	0.0
2	2013	106	8159	13.5	22.6	14.84	6	0.0
2	2013	107	7888	12.8	24.8	16.15	11	0.0
2	2013	108	6540	15.6	30.4	16.34	15	0.0
2	2013	109	6571	14.2	27.1	15.45	7	0.0
2	2013	110	6601	15.8	28.5	16.62	7	0.0
2	2013	111	7712	14.4	24.7	17.02	6	0.0
2	2013	112	22131	14.8	22.6	16.59	10	0.0
2	2013	113	22031	13.2	21.7	14.92	5	3.2
2	2013	114	6717	12.5	24.0	15.41	10	0.0
2	2013	115	23536	12.4	22.2	16.21	7	0.0
2	2013	116	25768	14.0	20.2	14.86	15	0.0
2	2013	117	25355	13.8	19.5	14.76	6	0.0
2	2013	118	25251	15.2	24.8	15.20	5	0.0
2	2013	119	25457	14.6	34.0	14.38	8	0.0
2	2013	120	25663	16.0	25.5	13.72	5	0.0
2	2013	121	24613	14.0	29.0	14.73	5	0.0
2	2013	122	23246	14.8	31.7	15.29	7	0.1
2	2013	123	21717	17.4	22.4	15.62	8	0.0
2	2013	124	25687	13.4	26.5	19.54	7	0.0
2	2013	125	26043	13.8	32.4	20.67	5	0.0
2	2013	126	24193	13.6	28.0	20.41	9	0.0
2	2013	127	25965	17.6	22.0	20.29	6	0.0
2	2013	128	22056	16.4	24.5	19.68	4	0.0
2	2013	129	9610	17.2	26.8	19.35	5	0.0
2	2013	130	14059	16.4	29.6	19.75	6	0.0
2	2013	131	24525	16.0	31.2	19.18	6	0.0
2	2013	132	13316	16.2	31.0	19.30	5	0.0
2	2013	133	16348	19.6	28.9	20.22	7	0.0
2	2013	134	21919	17.8	25.6	21.32	8	6.4
2	2013	135	23373	17.6	30.8	19.95	6	0.0
2	2013	136	17210	15.4	32.2	20.01	5	6.4
2	2013	137	25010	15.4	32.1	20.36	4	0.0
2	2013	138	26623	17.2	33.4	19.40	8	6.4
2	2013	139	23310	21.0	32.2	18.71	7	0.0
2	2013	140	8072	20.2	24.9	20.21	7	7.5
2	2013	141	11267	18.0	25.6	21.63	4	0.0
2	2013	142	18122	17.4	26.3	24.31	5	6.4
2	2013	143	12888	20.2	35.0	22.92	10	0.0
2	2013	144	27386	20.2	34.2	19.96	11	6.4
2	2013	145	26926	21.6	30.0	17.09	6	0.0
2	2013	146	26783	19.2	32.5	16.61	6	6.4
2	2013	147	19313	21.6	31.7	19.94	7	0.0
2	2013	148	17574	21.6	31.7	21.41	7	6.4
2	2013	149	7550	19.4	31.6	20.23	6	0.0
2	2013	150	21263	19.8	32.0	21.05	5	6.4
2	2013	151	25258	19.8	33.0	22.84	6	0.0
2	2013	152	22560	23.4	31.2	21.78	8	6.9
2	2013	153	19223	20.0	32.3	23.44	8	7.1
2	2013	154	26882	17.6	27.0	23.28	7	19.1
2	2013	155	20993	17.2	28.1	22.51	7	0.0
2	2013	156	12871	15.6	30.6	19.63	5	6.4
2	2013	157	16066	18.4	29.8	20.50	4	0.0
2	2013	158	10334	20.0	29.0	22.88	7	6.4
2	2013	159	19745	21.4	32.2	24.19	5	0.0
2	2013	160	25489	21.4	30.4	24.15	5	6.4
2	2013	161	18001	21.0	30.0	23.99	10	0.0
2	2013	162	11470	22.6	30.4	22.92	8	6.4
2	2013	163	19921	19.2	28.8	20.80	6	1.0
2	2013	164	26619	21.0	27.6	24.26	5	6.4
2	2013	165	27258	18.4	31.5	25.63	8	0.0
2	2013	166	27100	19.6	31.6	23.78	6	6.4
2	2013	167	26941	20.4	30.0	22.70	5	0.0
2	2013	168	26622	21.0	30.7	20.39	5	6.4
2	2013	169	22001	21.0	34.4	24.07	7	0.0
2	2013	170	25186	21.4	31.2	25.32	5	6.4
2	2013	171	23432	21.4	34.2	21.67	5	0.0
2	2013	172	7501	20.4	31.6	19.22	10	6.4
2	2013	173	7659	24.0	29.2	21.29	7	0.0
2	2013	174	12595	21.5	30.5	23.54	8	6.4
2	2013	175	14981	21.2	29.9	24.04	4	0.0
2	2013	176	25804	22.2	31.0	23.04	5	6.4
2	2013	177	25799	21.4	30.7	22.67	4	0.0
2	2013	178	16720	21.4	34.0	22.82	6	6.4
2	2013	179	26582	23.4	33.0	23.28	5	0.0
2	2013	180	27689	24.6	29.0	24.58	7	7.4
2	2013	181	26408	22.2	29.4	25.80	6	0.1
2	2013	182	27036	22.2	29.9	26.66	5	10.4
2	2013	183	27663	23.1	30.2	26.02	5	0.0
2	2013	184	20816	23.0	30.6	25.70	5	6.4
2	2013	185	26371	22.2	33.0	26.58	7	0.0
2	2013	186	21591	22.8	33.4	28.13	4	6.4
2	2013	187	25395	23.4	34.5	28.24	6	0.0
2	2013	188	21411	24.2	30.4	26.27	7	6.4
2	2013	189	26164	23.4	28.3	25.38	5	0.1
2	2013	190	25833	20.8	31.9	25.29	5	6.4
2	2013	191	26612	23.2	31.7	25.23	6	0.0
2	2013	192	26756	23.4	32.7	26.78	4	6.4
2	2013	193	25629	24.2	34.0	27.57	4	0.0
2	2013	194	18633	25.8	31.5	28.49	6	6.4
2	2013	195	24802	24.2	32.9	27.53	5	0.0
2	2013	196	24943	24.4	34.2	25.78	5	6.4
2	2013	197	25558	24.0	33.5	26.03	5	0.0
2	2013	198	24429	24.0	33.5	26.46	4	6.4
2	2013	199	25834	25.0	34.2	26.82	9	0.0
2	2013	200	20273	25.4	32.3	28.04	10	6.4
2	2013	201	8546	24.0	31.0	29.01	6	0.0
2	2013	202	18335	20.8	32.4	28.20	7	6.4
2	2013	203	7725	22.0	32	27.03	5	0.0
2	2013	204	17344	20.6	34	27.37	5	6.4
2	2013	205	7693	22.0	34.6	29.68	4	0.0
2	2013	206	7518	23.2	35	28.89	6	6.4
2	2013	207	7185	23.8	34.8	24.71	6	0.0
2	2013	208	10004	24.6	31.4	25.40	10	10.7
2	2013	209	7307	24.2	26.2	25.01	6	1.8
2	2013	210	7288	21.0	30.2	24.53	6	0.1
2	2013	211	17804	20.0	31.2	24.56	3	2.6
2	2013	212	7092	21.0	31.1	24.87	4	0
2	2013	213	11782	22.8	32.6	26.46	5	0
2	2013	214	9561	23.6	32.1	27.92	5	0
2	2013	215	18471	23.8	34.8	28.22	7	0
2	2013	216	22196	22.4	34.2	26.61	4	0
2	2013	217	7143	22.6	35.8	27.01	6	0
2	2013	218	6964	20.6	35.3	26.93	6	0
2	2013	219	24423	20.6	34.9	25.63	5	0
2	2013	220	24692	20.4	34.1	27.41	4	0
2	2013	221	6894	23.0	34.2	26.51	5	0
2	2013	222	9047	22.8	35.3	25.14	5	0
2	2013	223	14767	23.6	35.4	27.18	6	0
2	2013	224	24970	23.0	33.8	26.90	5	0
2	2013	225	25694	24.8	33.6	28.81	11	0
2	2013	226	24557	26.4	33.4	28.93	5	0
2	2013	227	23886	22.2	34.5	27.99	8	0
2	2013	228	24295	20.2	35.6	26.28	5	0
2	2013	229	24085	21.0	35.2	27.28	5	0.0
2	2013	230	24182	22.2	36.0	27.64	4	0.0
2	2013	231	19980	23.4	37.5	28.44	4	0.0
2	2013	232	6906	21.8	34.6	29.20	6	0.0
2	2013	233	6570	23.8	33.6	28.66	4	0.0
2	2013	234	8066	23.6	33.4	30.51	5	0.0
2	2013	235	12602	23.2	33.4	31.00	4	0.0
2	2013	236	23503	23.0	34.5	28.97	6	0.0
2	2013	237	23132	22.0	35.7	25.62	4	0.0
2	2013	238	18221	24.2	35.6	25.51	6	0.0
2	2013	239	17559	23.2	36.8	26.72	4	0.0
2	2013	240	16144	21.2	36.2	25.67	4	0.0
2	2013	241	21950	22.4	34.0	25.87	8	0.0
2	2013	242	15731	23.2	33.5	26.05	5	0.0
2	2013	243	15374	24.4	31.6	29.85	4	0.1
2	2013	244	15764	25.6	32.8	29.53	6	0.0
2	2013	245	10646	26.0	36.0	29.02	5	0.0
2	2013	246	17720	26.0	33.8	26.85	7	0.0
2	2013	247	14101	25.4	31.6	22.96	6	0.0
2	2013	248	19796	23.8	31.7	22.03	7	1.1
2	2013	249	6040	20.2	31.2	22.44	3	0.0
2	2013	250	13776	21.0	31.9	23.60	5	0.0
2	2013	251	6991	21.2	32.3	23.16	5	0.0
2	2013	252	15402	24.0	32.5	22.80	5	0.0
2	2013	253	6765	22.4	31.5	23.69	5	0.0
2	2013	254	8172	23.0	32.6	23.81	4	0.0
2	2013	255	7982	23.4	31.6	23.28	5	0.0
2	2013	256	9230	24.2	30.3	22.18	5	0.0
2	2013	257	15052	22.6	30.0	22.29	5	0.0
2	2013	258	18976	20.6	30.8	23.78	5	0.0
2	2013	259	14906	20.2	28.5	23.11	4	0.0
2	2013	260	14407	21.6	30.4	21.38	5	0.0
2	2013	261	18285	18.2	30.8	21.65	4	0.0
2	2013	262	18336	22.0	30.2	22.12	4	0.0
2	2013	263	14185	22.8	29.5	20.82	5	0.0
2	2013	264	10485	22.4	30.7	22.44	4	0.0
2	2013	265	9730	21.6	30.0	22.52	5	0.0
2	2013	266	9809	16.8	36.4	23.51	7	0.4
2	2013	267	14155	19.2	28.4	23.55	5	0.2
2	2013	268	12294	18.0	24.4	23.86	11	0.1
2	2013	269	15360	18.0	27.2	21.10	4	0.0
2	2013	270	17854	16.8	29.5	19.53	6	0.0
2	2013	271	12618	17.6	32.5	21.81	5	1.7
2	2013	272	13888	19.6	25.0	19.68	5	0.0
2	2013	273	17689	18.4	23.7	19.47	5	0.0
2	2013	274	18521	19.8	25.6	18.69	4	0.8
2	2013	275	17884	19.4	24.6	18.29	5	0.0
2	2013	276	17516	14.6	25.4	15.32	4	0.0
2	2013	277	16756	14.8	26.8	16.75	4	0.0
2	2013	278	9730	15.0	26.0	18.91	5	0.0
2	2013	279	4855	16.0	24.8	21.14	8	17.3
2	2013	280	4814	14.4	20.0	22.72	4	0.0
2	2013	281	4773	10.6	22.0	22.51	4	0.0
2	2013	282	4733	12.2	24.5	20.46	5	4.3
2	2013	283	15893	14.8	20.2	18.81	5	2.0
2	2013	284	15033	11.2	22.4	23.40	5	0.0
2	2013	285	12670	9.4	21.8	23.20	3	0.0
2	2013	286	11083	14.5	26.0	20.01	5	0.0
2	2013	287	4531	12.0	26.1	20.03	4	0.0
2	2013	288	6597	13.6	28.6	15.93	4	0.0
2	2013	289	17629	14.6	28.6	16.07	4	0.0
2	2013	290	16781	13.6	30.5	16.94	7	0.0
2	2013	291	16429	12.4	30.5	16.73	6	50.9
2	2013	292	15474	13.6	23.2	16.42	6	0.7
2	2013	293	15131	11.5	18.5	17.39	4	0.0
2	2013	294	4258	13.4	25.5	16.77	6	0.0
2	2013	295	16715	11.0	29.6	16.02	8	0.0
2	2013	296	16132	12.8	25.6	16.13	7	0.0
2	2013	297	12261	18.0	21.7	16.98	4	6.6
2	2013	298	14516	11.0	19.0	18.65	6	1.1
2	2013	299	6629	11.2	16.1	17.04	5	0.0
2	2013	300	6462	12.0	18.4	17.20	5	0.0
2	2013	301	9745	8.0	19.2	19.58	5	0.0
2	2013	302	15046	8.4	20.2	18.58	5	0.0
2	2013	303	14833	7.4	20.4	17.24	5	0.0
2	2013	304	15187	8.0	21.0	15.99	2	0.0
2	2013	305	12281	11.2	21.0	15.37	5	2.5
2	2013	306	6728	6.6	16.5	16.13	9	31.6
2	2013	307	4348	7.0	13.0	16.93	5	2.6
2	2013	308	6629	7.6	11.0	16.87	5	0.3
2	2013	309	14372	2.4	19.2	15.50	2	0.0
2	2013	310	14280	2.8	19.0	16.55	5	0.0
2	2013	311	14298	4.2	20.5	16.22	6	0.0
2	2013	312	10000	4.0	20.2	16.07	5	0.0
2	2013	313	3604	6.8	19.2	15.99	3	0.0
2	2013	314	8056	6.0	18.5	15.96	5	0.0
2	2013	315	5137	6.8	18.6	15.32	4	0.0
2	2013	316	6684	5.6	17.5	19.20	4	0.0
2	2013	317	5379	5.0	18.0	16.42	4	0.0
2	2013	318	3462	4.8	21.5	15.34	2	0.0
2	2013	319	13308	6.6	20.3	14.57	5	0.0
2	2013	320	7856	14.2	18.2	14.18	3	0.0
2	2013	321	9969	13.0	16.7	11.69	3	2.2
2	2013	322	7147	12.2	15.8	11.30	5	17.5
2	2013	323	3845	11.8	17.5	11.89	3	0.0
2	2013	324	3312	6.8	17.4	11.86	7	0.0
2	2013	325	3290	6.6	16.8	13.58	3	0.0
2	2013	326	3268	9.0	15.4	13.56	5	6.1
2	2013	327	5547	10.2	13.0	12.68	8	0.0
2	2013	328	9900	10.0	11.8	11.66	3	1.3
2	2013	329	12233	9.6	11.7	11.62	4	2.0
2	2013	330	12276	5.6	10.6	11.22	4	0.0
2	2013	331	12222	3.6	15.4	11.64	3	3.2
2	2013	332	4523	8.0	12.6	13.18	4	6.7
2	2013	333	7724	8.8	14.6	11.74	4	0.0
2	2013	334	8860	1.0	17.0	9.61	3	0.0
2	2013	335	9019	6.4	13.6	11.33	10	28.3
2	2013	336	10919	1.0	10.8	11.59	9	0.0
2	2013	337	9821	3.4	9.0	10.65	11	0.0
2	2013	338	3059	-0.3	11.4	9.88	3	0.0
2	2013	339	6977	2.2	13.0	10.38	7	0.8
2	2013	340	5234	4.6	9.8	10.57	6	0.0
2	2013	341	11321	2.2	13.0	13.34	3	0.0
2	2013	342	11482	1.2	15.3	12.21	2	0.0
2	2013	343	3479	2.6	15.0	11.08	3	0.0
2	2013	344	4512	7.8	13.6	13.86	3	0.7
2	2013	345	11029	6.6	18.4	12.98	5	0.0
2	2013	346	6381	4.0	18.7	11.67	6	0.0
2	2013	347	2975	11.6	14.2	12.49	4	0.1
2	2013	348	2969	10.2	13.5	11.58	3	1.1
2	2013	349	7952	10.4	11.6	11.11	4	3.4
2	2013	350	5781	8.4	10.4	8.80	4	1.6
2	2013	351	10191	2.2	13.7	7.33	10	0.0
2	2013	352	10937	2.6	15.4	7.79	4	0.0
2	2013	353	9994	5.2	14.4	7.88	4	0.0
2	2013	354	3234	8.0	12.3	8.46	3	0.0
2	2013	355	6613	1.8	15.2	9.79	7	0.0
2	2013	356	11028	3.0	11.8	10.67	5	0.0
2	2013	357	9718	3.4	14.7	11.95	5	0.0
2	2013	358	10946	3.0	18.4	10.37	6	0.0
2	2013	359	10485	2.0	17.6	10.07	3	0.0
2	2013	360	10967	1.8	17.5	9.74	3	0.0
2	2013	361	11358	1.8	18.2	8.08	4	5.0
2	2013	362	10526	8.2	14.0	7.15	5	0.5
2	2013	363	10733	2.0	17.4	6.52	3	0.0
2	2013	364	10564	4.4	14.5	6.79	7	0.0
2	2013	365	5179	9.6	12.6	7.76	5	0.0

